1 -- 2;0
1 -- 6;0
10 -- 15;0
10 -- 5;0
10 -- 9;0
11 -- 12;0
11 -- 16;0
11 -- 6;0
12 -- 11;0
12 -- 13;12
12 -- 17;0
12 -- 7;0
13 -- 12;12
13 -- 14;14
13 -- 18;18
13 -- 8;8
14 -- 13;14
14 -- 15;0
14 -- 19;0
14 -- 9;0
15 -- 10;0
15 -- 14;0
15 -- 20;0
16 -- 11;0
16 -- 17;0
16 -- 21;0
17 -- 12;0
17 -- 16;0
17 -- 18;0
17 -- 22;0
18 -- 13;18
18 -- 17;0
18 -- 19;0
18 -- 23;0
19 -- 14;0
19 -- 18;0
19 -- 20;0
19 -- 24;0
2 -- 1;0
2 -- 3;0
2 -- 7;0
20 -- 15;0
20 -- 19;0
20 -- 25;0
21 -- 16;0
21 -- 22;0
22 -- 17;0
22 -- 21;0
22 -- 23;0
23 -- 18;0
23 -- 22;0
23 -- 24;0
24 -- 19;0
24 -- 23;0
24 -- 25;0
25 -- 20;0
25 -- 24;0
3 -- 2;0
3 -- 4;0
3 -- 8;0
4 -- 3;0
4 -- 5;0
4 -- 9;0
5 -- 10;0
5 -- 4;0
6 -- 1;0
6 -- 11;0
6 -- 7;0
7 -- 12;0
7 -- 2;0
7 -- 6;0
7 -- 8;0
8 -- 13;8
8 -- 3;0
8 -- 7;0
8 -- 9;0
9 -- 10;0
9 -- 14;0
9 -- 4;0
9 -- 8;0